Station name  R11  R12  R13  R21  R22  R23  R31  R32  R33
N.S1N01 -0.9271 0.2858 -0.2425 0.3748 0.6904 -0.6188 -0.0094 -0.6645 -0.7472
N.S1N02 -0.9925 -0.0487 -0.1124 0.1141 -0.0343 -0.9929 0.0445 -0.9982 0.0396
N.S1N03 -0.7414 0.1018 -0.6633 0.6674 0.0088 -0.7447 -0.0699 -0.9948 -0.0744
N.S1N04 -0.5253 -0.0239 0.8506 0.8482 0.0658 0.5256 -0.0685 0.9975 -0.0143
N.S1N05 0.4534 0.0961 -0.8861 0.8784 0.1204 0.4625 0.1511 -0.9881 -0.0298
N.S1N06 0.9372 0.2792 0.2093 0.2680 -0.1920 -0.9441 -0.2234 0.9408 -0.2547
N.S1N07 0.4655 -0.3197 -0.8253 -0.8616 -0.3770 -0.3399 -0.2024 0.8693 -0.4510
N.S1N08 0.9981 0.0086 -0.0608 -0.0364 -0.7140 -0.6992 -0.0494 0.7001 -0.7124
N.S1N09 0.5432 -0.2652 -0.7966 0.8026 -0.1146 0.5854 -0.2465 -0.9574 0.1506
N.S1N10 0.9941 0.0681 -0.0842 -0.0542 0.9860 0.1575 0.0938 -0.1520 0.9839
N.S1N11 0.5892 -0.7483 -0.3048 0.8020 0.5874 0.1082 0.0981 -0.3082 0.9463
N.S1N12 -0.8846 0.2229 -0.4096 0.4660 0.4561 -0.7582 0.0178 -0.8616 -0.5073
N.S1N13 -0.3080 0.0233 -0.9511 0.9514 0.0052 -0.3080 -0.0023 -0.9997 -0.0237
N.S1N14 -0.4746 -0.8788 0.0497 0.8625 -0.4756 -0.1729 0.1755 -0.0392 0.9837
N.S1N15 -0.9565 0.0714 -0.2830 -0.0008 0.9689 0.2474 0.2919 0.2369 -0.9267
N.S1N16 0.4705 -0.8820 0.0269 0.8804 0.4672 -0.0815 0.0593 0.0620 0.9963
N.S1N17 0.9903 0.0676 0.1212 -0.1256 0.0656 0.9899 0.0590 -0.9956 0.0735
N.S1N18 0.9935 0.0261 -0.1110 -0.1076 -0.1076 -0.9884 -0.0377 0.9939 -0.1041
N.S1N19 0.9858 -0.0212 -0.1665 -0.1648 -0.3099 -0.9364 -0.0318 0.9505 -0.3090
N.S1N20 0.9975 0.0666 0.0223 -0.0037 -0.2683 0.9633 0.0701 -0.9610 -0.2674
N.S1N21 0.1757 0.0951 -0.9798 -0.9748 -0.1223 -0.1867 -0.1376 0.9879 0.0712
N.S1N22 0.9191 -0.0382 0.3921 -0.3924 -0.1779 0.9024 0.0352 -0.9833 -0.1785
N.S2N01 -0.1849 -0.2798 -0.9421 0.9812 -0.1073 -0.1606 -0.0562 -0.9540 0.2944
N.S2N02 -0.9864 0.0682 -0.1498 0.1645 0.3934 -0.9045 -0.0028 -0.9168 -0.3992
N.S2N03 -0.9304 -0.0398 0.3643 -0.3650 0.1888 -0.9117 -0.0325 -0.9812 -0.1902
N.S2N04 -0.9947 0.0295 -0.0981 0.1023 0.2274 -0.9684 -0.0063 -0.9734 -0.2292
N.S2N05 -0.9985 0.0488 0.0267 0.0553 0.8161 0.5753 0.0063 0.5759 -0.8175
N.S2N06 -0.9833 -0.1812 -0.0161 0.1723 -0.9560 0.2372 -0.0584 0.2305 0.9713
N.S2N07 -0.3482 -0.9062 0.2401 0.9372 -0.3312 0.1090 -0.0192 0.2630 0.9646
N.S2N08 0.6643 -0.7375 0.1212 0.7470 0.6493 -0.1429 0.0267 0.1854 0.9823
N.S2N09 0.9899 0.1416 0.0114 0.0614 -0.3543 -0.9331 -0.1281 0.9243 -0.3595
N.S2N10 0.9716 -0.1644 0.1704 -0.2245 -0.4111 0.8835 -0.0752 -0.8966 -0.4363
N.S2N11 0.9577 -0.0183 -0.2871 -0.2873 -0.1116 -0.9513 -0.0147 0.9936 -0.1122
N.S2N12 0.9759 -0.0379 -0.2148 -0.2169 -0.2727 -0.9373 -0.0230 0.9613 -0.2744
N.S2N13 0.4566 -0.8495 0.2642 0.8896 0.4313 -0.1504 0.0138 0.3037 0.9527
N.S2N14 0.3864 -0.4066 0.8279 0.9219 0.1984 -0.3328 -0.0290 0.8918 0.4515
N.S2N15 0.2040 0.3845 -0.9003 0.9789 -0.0893 0.1837 -0.0098 -0.9188 -0.3946
N.S2N16 -0.9933 -0.0337 0.1105 -0.1098 -0.0220 -0.9937 0.0359 -0.9992 0.0181
N.S2N17 -0.9560 -0.2932 -0.0063 0.2899 -0.9480 0.1313 -0.0445 0.1237 0.9913
N.S2N18 -0.9964 0.0731 -0.0418 0.0348 -0.0946 -0.9949 -0.0767 -0.9928 0.0918
N.S2N19 -0.7358 -0.5286 0.4234 0.6759 -0.6130 0.4092 0.0433 0.5872 0.8083
N.S2N20 -0.2277 -0.9584 -0.1720 0.9733 -0.2186 -0.0707 0.0302 -0.1835 0.9826
N.S2N21 0.1637 0.9865 -0.0040 0.9859 -0.1635 0.0366 0.0354 -0.0099 -0.9993
N.S2N22 0.3696 -0.1272 0.9205 0.9292 0.0428 -0.3672 0.0073 0.9910 0.1340
N.S2N23 0.9986 0.0445 -0.0289 -0.0501 0.6090 -0.7916 -0.0176 0.7920 0.6103
N.S2N24 0.9444 0.3240 -0.0561 -0.3261 0.9448 -0.0323 0.0426 0.0488 0.9979
N.S2N25 0.9774 0.1996 -0.0704 -0.2056 0.8169 -0.5389 -0.0501 0.5412 0.8394
N.S2N26 0.9813 0.0489 -0.1864 -0.1904 0.0965 -0.9770 -0.0298 0.9941 0.1040
N.S3N01 -0.9275 -0.1969 0.3176 0.3734 -0.5204 0.7679 0.0141 0.8309 0.5562
N.S3N02 -0.9848 -0.0134 -0.1733 0.1729 -0.1785 -0.9686 -0.0180 -0.9839 0.1781
N.S3N03 -0.9709 -0.0241 -0.2382 0.2381 -0.2001 -0.9504 -0.0248 -0.9795 0.2000
N.S3N04 -0.9644 0.0847 0.2506 0.2546 0.0411 0.9662 0.0715 0.9956 -0.0612
N.S3N05 -0.9912 0.1291 0.0278 -0.1272 -0.9898 0.0641 0.0358 0.0600 0.9976
N.S3N06 0.3838 -0.9224 -0.0428 0.9234 0.3831 0.0238 -0.0056 -0.0487 0.9988
N.S3N07 0.5818 -0.1069 0.8063 0.8120 0.1339 -0.5681 -0.0473 0.9852 0.1647
N.S3N08 0.9989 0.0022 -0.0474 -0.0450 0.3596 -0.9320 0.0150 0.9331 0.3593
N.S3N09 0.9255 0.1599 -0.3433 -0.3784 0.3550 -0.8548 -0.0148 0.9211 0.3891
N.S3N10 0.9517 -0.0408 -0.3042 -0.3054 -0.2250 -0.9253 -0.0307 0.9735 -0.2265
N.S3N11 0.9974 0.0332 -0.0633 -0.0692 0.2286 -0.9710 -0.0178 0.9729 0.2304
N.S3N12 0.6336 -0.2062 -0.7457 0.7730 0.1300 0.6209 -0.0311 -0.9698 0.2418
N.S3N13 -0.7478 -0.1789 -0.6394 0.6639 -0.2116 -0.7173 -0.0070 -0.9609 0.2770
N.S3N14 -0.9735 0.1410 -0.1801 0.2283 0.6453 -0.7291 0.0134 -0.7509 -0.6603
N.S3N15 -0.9715 -0.0053 0.2371 0.2343 0.1323 0.9631 -0.0365 0.9912 -0.1273
N.S3N16 -0.9932 -0.1044 -0.0521 -0.1016 0.5539 0.8264 -0.0574 0.8260 -0.5607
N.S3N17 -0.9877 0.1066 -0.1143 0.1520 0.8252 -0.5439 0.0363 -0.5546 -0.8313
N.S3N18 -0.0685 -0.3964 0.9155 0.9976 -0.0311 0.0612 0.0042 0.9175 0.3976
N.S3N19 0.2221 0.8821 -0.4154 0.9743 -0.1846 0.1289 0.0370 -0.4334 -0.9005
N.S3N20 0.9393 0.1436 -0.3116 -0.3424 0.3374 -0.8769 -0.0208 0.9303 0.3661
N.S3N21 0.9995 0.0306 0.0065 0.0239 -0.8797 0.4748 0.0202 -0.4745 -0.8800
N.S3N22 0.9995 0.0000 -0.0303 -0.0295 -0.2233 -0.9743 -0.0068 0.9747 -0.2232
N.S3N23 0.9857 0.1194 -0.1190 -0.1685 0.6720 -0.7211 -0.0061 0.7309 0.6825
N.S3N24 0.9842 0.0136 -0.1767 -0.1750 -0.0842 -0.9810 -0.0283 0.9964 -0.0805
N.S3N25 0.9804 0.1512 0.1264 -0.1970 0.7717 0.6047 -0.0061 -0.6177 0.7864
N.S3N26 0.9821 0.1037 -0.1572 0.1866 -0.4247 0.8859 0.0251 -0.8993 -0.4365
N.S4N01 -0.6967 0.7152 -0.0553 -0.7147 -0.6987 -0.0330 -0.0623 0.0165 0.9979
N.S4N02 -0.9159 0.0635 0.3964 -0.4011 -0.1842 -0.8973 0.0161 -0.9808 0.1942
N.S4N03 -0.8968 -0.1741 0.4067 -0.4415 0.2920 -0.8484 0.0290 -0.9404 -0.3388
N.S4N04 -0.9938 0.0583 0.0947 -0.1111 -0.4913 -0.8639 -0.0038 -0.8691 0.4947
N.S4N05 -0.9395 -0.0662 -0.3362 0.3425 -0.2139 -0.9149 -0.0113 -0.9746 0.2236
N.S4N06 -0.9444 0.1109 -0.3094 0.3287 0.3072 -0.8931 -0.0040 -0.9452 -0.3266
N.S4N07 -0.9964 -0.0323 -0.0788 0.0802 -0.0450 -0.9958 0.0286 -0.9985 0.0474
N.S4N08 -0.7848 -0.1817 -0.5925 0.6196 -0.2152 -0.7548 0.0096 -0.9595 0.2815
N.S4N09 0.2355 -0.1773 -0.9556 0.9706 0.0936 0.2219 0.0501 -0.9797 0.1942
N.S4N10 0.9826 -0.0362 0.1820 -0.1770 0.1120 0.9778 -0.0558 -0.9930 0.1037
N.S4N11 0.9995 -0.0030 0.0323 -0.0291 0.3558 0.9341 -0.0143 -0.9345 0.3556
N.S4N12 0.9508 0.0824 0.2986 -0.3089 0.3223 0.8948 -0.0225 -0.9430 0.3319
N.S4N13 0.9397 -0.3239 0.1098 -0.3420 -0.8950 0.2862 0.0056 -0.3065 -0.9518
N.S4N14 0.9982 -0.0404 -0.0446 0.0535 0.2584 0.9646 -0.0274 -0.9652 0.2601
N.S4N15 0.6239 -0.4158 -0.6617 0.7813 0.3099 0.5418 -0.0202 -0.8550 0.5182
N.S4N16 -0.2707 -0.5475 -0.7918 0.9626 -0.1420 -0.2309 0.0140 -0.8246 0.5655
N.S4N17 -0.9975 -0.0535 0.0458 -0.0594 0.2897 -0.9553 0.0379 -0.9556 -0.2922
N.S4N18 -1.0000 -0.0033 0.0090 -0.0094 0.1678 -0.9858 0.0017 -0.9858 -0.1678
N.S4N19 -0.9953 0.0396 -0.0882 0.0955 0.2598 -0.9609 -0.0152 -0.9649 -0.2623
N.S4N20 -0.9998 0.0046 -0.0206 0.0201 0.5143 -0.8574 0.0066 -0.8576 -0.5143
N.S4N21 -0.9838 -0.1639 0.0731 -0.1579 0.5974 -0.7863 0.0852 -0.7850 -0.6136
N.S4N22 -0.4240 -0.2374 -0.8740 0.9056 -0.1169 -0.4076 -0.0054 -0.9644 0.2645
N.S4N23 0.2263 -0.3764 -0.8984 0.9739 0.1059 0.2009 0.0195 -0.9204 0.3905
N.S4N24 0.9218 0.1114 0.3713 -0.3816 0.4297 0.8184 -0.0684 -0.8961 0.4386
N.S4N25 0.9723 0.1198 0.2006 -0.2334 0.5351 0.8119 -0.0101 -0.8362 0.5483
N.S4N26 0.9976 0.0505 -0.0478 -0.0666 0.4952 -0.8662 -0.0201 0.8673 0.4973
N.S4N27 0.9994 -0.0251 0.0233 -0.0277 -0.1945 0.9805 -0.0201 -0.9806 -0.1951
N.S4N28 0.9657 -0.0913 0.2429 0.2593 0.3759 -0.8896 -0.0101 0.9222 0.3867
N.S5N01 -0.0939 -0.5173 -0.8506 0.9956 -0.0449 -0.0826 0.0045 -0.8546 0.5192
N.S5N02 0.4808 -0.8647 -0.1454 0.8761 0.4672 0.1191 -0.0351 -0.1847 0.9822
N.S5N03 0.3498 0.2198 -0.9107 0.9356 -0.1310 0.3278 -0.0473 -0.9667 -0.2515
N.S5N04 -0.3687 0.1010 -0.9240 0.9285 -0.0068 -0.3713 -0.0438 -0.9949 -0.0912
N.S5N05 -0.9593 -0.2579 0.1148 0.2823 -0.8756 0.3919 -0.0005 0.4083 0.9128
N.S5N06 -0.0830 -0.9696 -0.2302 0.9964 -0.0853 0.0003 -0.0199 -0.2293 0.9731
N.S5N07 0.6356 0.3605 -0.6826 0.7711 -0.3397 0.5386 -0.0377 -0.8687 -0.4939
N.S5N08 0.9848 -0.1549 0.0783 0.1623 0.9817 -0.0997 -0.0614 0.1109 0.9919
N.S5N09 0.9573 0.2709 -0.1010 -0.2890 0.9066 -0.3075 0.0082 0.3236 0.9462
N.S5N10 0.1951 0.5257 -0.8280 -0.9783 0.0441 -0.2025 -0.0699 0.8496 0.5229
N.S5N11 -0.4255 -0.5106 0.7472 -0.9050 0.2442 -0.3484 -0.0045 -0.8244 -0.5660
N.S5N12 0.9967 -0.0239 0.0777 -0.0812 -0.2520 0.9643 -0.0035 -0.9674 -0.2531
N.S5N13 0.9819 -0.0528 -0.1821 0.1894 0.2298 0.9546 -0.0086 -0.9718 0.2356
N.S5N14 0.2558 0.7705 0.5838 0.9653 -0.2369 -0.1102 0.0534 0.5917 -0.8044
N.S5N15 0.4309 -0.8992 -0.0753 0.9022 0.4310 0.0155 0.0185 -0.0746 0.9970
N.S5N16 0.9716 -0.1552 0.1788 0.2358 0.5634 -0.7918 0.0222 0.8115 0.5840
N.S5N17 0.9946 0.0726 -0.0748 0.1038 -0.6260 0.7729 0.0093 -0.7765 -0.6301
N.S5N18 0.9081 0.2557 0.3316 -0.4175 0.6142 0.6697 -0.0325 -0.7466 0.6645
N.S5N19 0.9477 0.0506 0.3152 -0.3191 0.1280 0.9390 0.0072 -0.9905 0.1374
N.S5N20 0.8950 -0.0212 -0.4456 0.4460 0.0269 0.8946 -0.0070 -0.9994 0.0335
N.S5N21 0.6028 0.2376 -0.7617 0.7979 -0.1793 0.5755 0.0002 -0.9547 -0.2977
N.S5N22 0.4161 -0.0064 0.9093 0.9093 -0.0015 -0.4161 0.0040 1.0000 0.0052
N.S5N23 0.4098 -0.1479 -0.9001 0.9119 0.0404 0.4085 -0.0241 -0.9882 0.1514
N.S6N01 0.7842 0.5694 -0.2467 -0.6191 0.6907 -0.3737 -0.0424 0.4458 0.8941
N.S6N02 -0.8014 0.1714 -0.5731 -0.5982 -0.2227 0.7698 0.0044 0.9597 0.2810
N.S6N03 0.3643 -0.2090 -0.9075 -0.9290 -0.0131 -0.3699 0.0654 0.9778 -0.1989
N.S6N04 -0.8176 0.5073 -0.2724 -0.5716 -0.7721 0.2777 -0.0694 0.3827 0.9213
N.S6N05 -0.7535 0.2728 0.5982 -0.6555 -0.3829 -0.6510 0.0515 -0.8826 0.4673
N.S6N06 -0.1932 -0.7810 -0.5938 -0.9812 0.1520 0.1193 -0.0030 0.6057 -0.7957
N.S6N07 -0.4105 0.8650 -0.2886 -0.9086 -0.3613 0.2094 0.0769 0.3482 0.9343
N.S6N08 -0.1949 -0.1689 0.9662 -0.9806 0.0108 -0.1959 0.0227 -0.9856 -0.1678
N.S6N09 -0.2188 0.1448 0.9650 -0.9758 -0.0351 -0.2160 0.0026 -0.9888 0.1490
N.S6N10 -0.1631 -0.4517 -0.8771 -0.9865 0.0873 0.1385 0.0140 0.8879 -0.4598
N.S6N11 -0.3299 -0.9279 -0.1739 -0.9436 0.3293 0.0333 0.0264 0.1751 -0.9842
N.S6N12 -0.2913 0.4753 -0.8302 -0.9553 -0.0987 0.2787 0.0506 0.8743 0.4828
N.S6N13 -0.2299 -0.7184 0.6566 -0.9731 0.1603 -0.1653 0.0134 -0.6769 -0.7359
N.S6N14 -0.6088 0.5660 -0.5559 -0.7925 -0.4659 0.3935 -0.0363 0.6801 0.7322
N.S6N15 -0.6668 0.6163 0.4190 -0.7452 -0.5542 -0.3708 0.0037 -0.5595 0.8288
N.S6N16 -0.7221 -0.6858 -0.0913 -0.6917 0.7179 0.0782 0.0119 0.1196 -0.9928
N.S6N17 -0.4594 -0.0243 -0.8879 -0.8882 0.0153 0.4592 0.0024 0.9996 -0.0286
N.S6N18 -0.4955 0.8034 -0.3302 -0.8684 -0.4512 0.2055 0.0161 0.3886 0.9213
N.S6N19 -0.3736 0.2610 0.8901 -0.9262 -0.0521 -0.3735 -0.0511 -0.9639 0.2612
N.S6N20 -0.7078 -0.6648 -0.2388 -0.7026 0.6976 0.1404 0.0732 0.2672 -0.9609
N.S6N21 -0.9870 -0.0269 0.1582 -0.1221 -0.5140 -0.8491 0.1042 -0.8574 0.5040
N.S6N22 -0.9930 -0.0149 -0.1170 -0.0137 0.9998 -0.0109 0.1172 -0.0092 -0.9931
N.S6N23 -0.9664 0.0478 0.2525 0.2525 -0.0076 0.9676 0.0482 0.9988 -0.0047
N.S6N24 -0.8215 -0.0800 0.5645 0.5697 -0.1552 0.8071 0.0230 0.9846 0.1731
N.S6N25 -0.1601 0.9566 -0.2434 0.9852 0.1394 -0.1000 -0.0617 -0.2558 -0.9648
